Executar #1	Executar #1	Executar #1	Executar #1
Tempo (s)	Corrente (A)	Tensão (V)	Potência (W)
0,000	5,36E-4	-0,01	2,74E-6
0,001	5,36E-4	-0,01	2,74E-6
0,002	5,36E-4	-0,01	2,74E-6
0,003	5,36E-4	-0,01	2,74E-6
0,004	5,36E-4	-0,01	2,74E-6
0,005	5,36E-4	-0,01	2,74E-6
0,006	5,36E-4	-0,01	2,74E-6
0,007	5,36E-4	-0,01	2,74E-6
0,008	5,36E-4	-0,01	2,74E-6
0,009	5,36E-4	-0,01	2,74E-6
0,010	5,36E-4	-0,01	2,74E-6
0,011	5,36E-4	-0,01	2,74E-6
0,012	5,36E-4	-0,01	2,74E-6
0,013	5,36E-4	-0,01	2,74E-6
0,014	5,36E-4	-0,01	2,74E-6
0,015	5,36E-4	-0,01	2,74E-6
0,016	5,36E-4	-0,01	2,74E-6
0,017	5,36E-4	-0,01	2,74E-6
0,018	5,36E-4	-0,01	2,74E-6
0,019	5,36E-4	-0,01	2,74E-6
0,020	5,36E-4	-0,01	2,74E-6
0,021	5,36E-4	-0,01	2,74E-6
0,022	5,36E-4	-0,01	2,74E-6
0,023	5,36E-4	-0,01	2,74E-6
0,024	5,36E-4	-0,01	2,74E-6
0,025	5,36E-4	-0,01	2,74E-6
0,026	5,36E-4	-0,01	2,74E-6
0,027	5,36E-4	-0,01	2,74E-6
0,028	5,36E-4	-0,01	2,74E-6
0,029	5,36E-4	-0,01	2,74E-6
0,030	5,36E-4	-0,01	2,74E-6
0,031	5,36E-4	-0,01	2,74E-6
0,032	5,36E-4	-0,01	2,74E-6
0,033	5,36E-4	-0,01	2,74E-6
0,034	5,36E-4	-0,01	2,74E-6
0,035	5,36E-4	-0,01	2,74E-6
0,036	5,36E-4	-0,01	2,74E-6
0,037	5,36E-4	-0,01	2,74E-6
0,038	5,36E-4	-0,01	2,74E-6
0,039	5,36E-4	-0,01	2,74E-6
0,040	5,36E-4	-0,01	2,74E-6
0,041	5,36E-4	-0,01	2,74E-6
0,042	5,36E-4	-0,01	2,74E-6
0,043	5,36E-4	-0,01	2,74E-6
0,044	5,36E-4	-0,01	2,74E-6
0,045	5,36E-4	-0,01	2,74E-6
0,046	5,36E-4	-0,01	2,74E-6
0,047	5,36E-4	-0,01	2,74E-6
0,048	5,36E-4	-0,01	2,74E-6
0,049	5,36E-4	-0,01	2,74E-6
0,050	5,36E-4	-0,01	2,74E-6
0,051	5,36E-4	-0,01	2,74E-6
0,052	5,36E-4	-0,01	2,74E-6
0,053	5,36E-4	-0,01	2,74E-6
0,054	5,36E-4	-0,01	2,74E-6
0,055	5,36E-4	-0,01	2,74E-6
0,056	5,36E-4	-0,01	2,74E-6
0,057	5,36E-4	-0,01	2,74E-6
0,058	5,36E-4	-0,01	2,74E-6
0,059	5,36E-4	-0,01	2,74E-6
0,060	5,36E-4	-0,01	2,74E-6
0,061	5,36E-4	-0,01	2,74E-6
0,062	5,36E-4	-0,01	2,74E-6
0,063	5,36E-4	-0,01	2,74E-6
0,064	5,36E-4	-0,01	2,74E-6
0,065	5,36E-4	-0,01	2,74E-6
0,066	5,36E-4	-0,01	2,74E-6
0,067	5,36E-4	-0,01	2,74E-6
0,068	5,36E-4	-0,01	2,74E-6
0,069	5,36E-4	-0,01	2,74E-6
0,070	5,36E-4	-0,01	2,74E-6
0,071	5,36E-4	-0,01	2,74E-6
0,072	5,36E-4	-0,01	2,74E-6
0,073	5,36E-4	-0,01	2,74E-6
0,074	5,36E-4	-0,01	2,74E-6
0,075	5,36E-4	-0,01	2,74E-6
0,076	5,36E-4	-0,01	2,74E-6
0,077	5,36E-4	-0,01	2,74E-6
0,078	5,36E-4	-0,01	2,74E-6
0,079	5,36E-4	-0,01	2,74E-6
0,080	5,36E-4	-0,01	2,74E-6
0,081	5,36E-4	-0,01	2,74E-6
0,082	5,36E-4	-0,01	2,74E-6
0,083	5,36E-4	-0,01	2,74E-6
0,084	5,36E-4	-0,01	2,74E-6
0,085	5,36E-4	-0,01	2,74E-6
0,086	5,36E-4	-0,01	2,74E-6
0,087	5,36E-4	-0,01	2,74E-6
0,088	5,36E-4	-0,01	2,74E-6
0,089	5,36E-4	-0,01	2,74E-6
0,090	5,36E-4	-0,01	2,74E-6
0,091	5,36E-4	-0,01	2,74E-6
0,092	5,36E-4	-0,01	2,74E-6
0,093	5,36E-4	-0,01	2,74E-6
0,094	5,36E-4	-0,01	2,74E-6
0,095	5,36E-4	-0,01	2,74E-6
0,096	5,36E-4	-0,01	2,74E-6
0,097	5,36E-4	-0,01	2,74E-6
0,098	5,36E-4	-0,01	2,74E-6
0,099	5,36E-4	-0,01	2,74E-6
0,100	5,36E-4	-0,01	2,74E-6
0,101	5,36E-4	-0,01	2,74E-6
0,102	5,36E-4	-0,01	2,74E-6
0,103	5,36E-4	-0,01	2,74E-6
0,104	5,36E-4	-0,01	2,74E-6
0,105	5,36E-4	-0,01	2,74E-6
0,106	5,36E-4	-0,01	2,74E-6
0,107	5,36E-4	-0,01	2,74E-6
0,108	5,36E-4	-0,01	2,74E-6
0,109	5,36E-4	-0,01	2,74E-6
0,110	5,36E-4	-0,01	2,74E-6
0,111	5,36E-4	-0,01	2,74E-6
0,112	5,36E-4	-0,01	2,74E-6
0,113	5,36E-4	-0,01	2,74E-6
0,114	5,36E-4	-0,01	2,74E-6
0,115	5,36E-4	-0,01	2,74E-6
0,116	5,36E-4	-0,01	2,74E-6
0,117	5,36E-4	-0,01	2,74E-6
0,118	5,36E-4	-0,01	2,74E-6
0,119	5,36E-4	-0,01	2,74E-6
0,120	5,36E-4	-0,01	2,74E-6
0,121	5,36E-4	-0,01	2,74E-6
0,122	5,36E-4	-0,01	2,74E-6
0,123	5,36E-4	-0,01	2,74E-6
0,124	5,36E-4	-0,01	2,74E-6
0,125	5,36E-4	-0,01	2,74E-6
0,126	5,36E-4	-0,01	2,74E-6
0,127	5,36E-4	-0,01	2,74E-6
0,128	5,36E-4	-0,01	2,74E-6
0,129	5,36E-4	-0,01	2,74E-6
0,130	5,36E-4	-0,01	2,74E-6
0,131	5,36E-4	-0,01	2,74E-6
0,132	5,36E-4	-0,01	2,74E-6
0,133	5,36E-4	-0,01	2,74E-6
0,134	5,36E-4	-0,01	2,74E-6
0,135	5,36E-4	-0,01	2,74E-6
0,136	5,36E-4	-0,01	2,74E-6
0,137	5,36E-4	-0,01	2,74E-6
0,138	5,36E-4	-0,01	2,74E-6
0,139	5,36E-4	-0,01	2,74E-6
0,140	5,36E-4	-0,01	2,74E-6
0,141	5,36E-4	-0,01	2,74E-6
0,142	5,36E-4	-0,01	2,74E-6
0,143	5,36E-4	-0,01	2,74E-6
0,144	5,36E-4	-0,01	2,74E-6
0,145	5,36E-4	-0,01	2,74E-6
0,146	5,36E-4	-0,01	2,74E-6
0,147	5,36E-4	-0,01	2,74E-6
0,148	5,36E-4	-0,01	2,74E-6
0,149	5,36E-4	-0,01	2,74E-6
0,150	5,36E-4	-0,01	2,74E-6
0,151	5,36E-4	-0,01	2,74E-6
0,152	5,36E-4	-0,01	2,74E-6
0,153	5,36E-4	-0,01	2,74E-6
0,154	5,36E-4	-0,01	2,74E-6
0,155	5,36E-4	-0,01	2,74E-6
0,156	5,36E-4	-0,01	2,74E-6
0,157	5,36E-4	-0,01	2,74E-6
0,158	5,36E-4	-0,01	2,74E-6
0,159	5,36E-4	-0,01	2,74E-6
0,160	5,36E-4	-0,01	2,74E-6
0,161	5,36E-4	-0,01	2,74E-6
0,162	5,36E-4	-0,01	2,74E-6
0,163	5,36E-4	-0,01	2,74E-6
0,164	5,36E-4	-0,01	2,74E-6
0,165	5,36E-4	-0,01	2,74E-6
0,166	5,36E-4	-0,01	2,74E-6
0,167	5,36E-4	-0,01	2,74E-6
0,168	5,36E-4	-0,01	2,74E-6
0,169	5,36E-4	-0,01	2,74E-6
0,170	5,36E-4	-0,01	2,74E-6
0,171	5,36E-4	-0,01	2,74E-6
0,172	5,36E-4	-0,01	2,74E-6
0,173	5,36E-4	-0,01	2,74E-6
0,174	5,36E-4	-0,01	2,74E-6
0,175	5,36E-4	-0,01	2,74E-6
0,176	5,36E-4	-0,01	2,74E-6
0,177	5,36E-4	-0,01	2,74E-6
0,178	5,36E-4	-0,01	2,74E-6
0,179	5,36E-4	-0,01	2,74E-6
0,180	5,36E-4	-0,01	2,74E-6
0,181	5,36E-4	-0,01	2,74E-6
0,182	5,36E-4	-0,01	2,74E-6
0,183	5,36E-4	-0,01	2,74E-6
0,184	5,36E-4	-0,01	2,74E-6
0,185	5,36E-4	-0,01	2,74E-6
0,186	5,36E-4	-0,01	2,74E-6
0,187	5,36E-4	-0,01	2,74E-6
0,188	5,36E-4	-0,01	2,74E-6
0,189	5,36E-4	-0,01	2,74E-6
0,190	5,36E-4	-0,01	2,74E-6
0,191	5,36E-4	-0,01	2,74E-6
0,192	5,36E-4	-0,01	2,74E-6
0,193	5,36E-4	-0,01	2,74E-6
0,194	5,36E-4	-0,01	2,74E-6
0,195	5,36E-4	-0,01	2,74E-6
0,196	5,36E-4	-0,01	2,74E-6
0,197	5,36E-4	-0,01	2,74E-6
0,198	5,36E-4	-0,01	2,74E-6
0,199	5,36E-4	-0,01	2,74E-6
0,200	5,36E-4	-0,01	2,74E-6
0,201	5,36E-4	-0,01	2,74E-6
0,202	5,36E-4	-0,01	2,74E-6
0,203	5,36E-4	-0,01	2,74E-6
0,204	5,36E-4	-0,01	2,74E-6
0,205	5,36E-4	-0,01	2,74E-6
0,206	5,36E-4	-0,01	2,74E-6
0,207	5,36E-4	-0,01	2,74E-6
0,208	5,36E-4	-0,01	2,74E-6
0,209	5,36E-4	-0,01	2,74E-6
0,210	5,36E-4	-0,01	2,74E-6
0,211	5,36E-4	-0,01	2,74E-6
0,212	5,36E-4	-0,01	2,74E-6
0,213	5,36E-4	-0,01	2,74E-6
0,214	5,36E-4	-0,01	2,74E-6
0,215	5,36E-4	-0,01	2,74E-6
0,216	5,36E-4	-0,01	2,74E-6
0,217	5,36E-4	-0,01	2,74E-6
0,218	5,36E-4	-0,01	2,74E-6
0,219	5,36E-4	-0,01	2,74E-6
0,220	5,36E-4	-0,01	2,74E-6
0,221	5,36E-4	-0,01	2,74E-6
0,222	5,36E-4	-0,01	2,74E-6
0,223	5,36E-4	-0,01	2,74E-6
0,224	5,36E-4	-0,01	2,74E-6
0,225	5,36E-4	-0,01	2,74E-6
0,226	5,36E-4	-0,01	2,74E-6
0,227	5,36E-4	-0,01	2,74E-6
0,228	5,36E-4	-0,01	2,74E-6
0,229	5,36E-4	-0,01	2,74E-6
0,230	5,36E-4	-0,01	2,74E-6
0,231	5,36E-4	-0,01	2,74E-6
0,232	5,36E-4	-0,01	2,74E-6
0,233	5,36E-4	-0,01	2,74E-6
0,234	5,36E-4	-0,01	2,74E-6
0,235	5,36E-4	-0,01	2,74E-6
0,236	5,36E-4	-0,01	2,74E-6
0,237	5,36E-4	-0,01	2,74E-6
0,238	5,36E-4	-0,01	2,74E-6
0,239	5,36E-4	-0,01	2,74E-6
0,240	5,36E-4	-0,01	2,74E-6
0,241	5,36E-4	-0,01	2,74E-6
0,242	5,36E-4	-0,01	2,74E-6
0,243	5,36E-4	-0,01	2,74E-6
0,244	5,36E-4	-0,01	2,74E-6
0,245	5,36E-4	-0,01	2,74E-6
0,246	5,36E-4	-0,01	2,74E-6
0,247	5,36E-4	-0,01	2,74E-6
0,248	5,36E-4	-0,01	2,74E-6
0,249	5,36E-4	-0,01	2,74E-6
0,250	5,36E-4	-0,01	2,74E-6
0,251	5,36E-4	-0,01	2,74E-6
0,252	5,36E-4	-0,01	2,74E-6
0,253	5,36E-4	-0,01	2,74E-6
0,254	5,36E-4	-0,01	2,74E-6
0,255	5,36E-4	-0,01	2,74E-6
0,256	5,36E-4	-0,01	2,74E-6
0,257	5,36E-4	-0,01	2,74E-6
0,258	5,36E-4	-0,01	2,74E-6
0,259	5,36E-4	-0,01	2,74E-6
0,260	5,36E-4	-0,01	2,74E-6
0,261	5,36E-4	-0,01	2,74E-6
0,262	5,36E-4	-0,01	2,74E-6
0,263	5,36E-4	-0,01	2,74E-6
0,264	5,36E-4	-0,01	2,74E-6
0,265	5,36E-4	-0,01	2,74E-6
0,266	5,36E-4	-0,01	2,74E-6
0,267	5,36E-4	-0,01	2,74E-6
0,268	5,36E-4	-0,01	2,74E-6
0,269	5,36E-4	-0,01	2,74E-6
0,270	5,36E-4	-0,01	2,74E-6
0,271	5,36E-4	-0,01	2,74E-6
0,272	5,36E-4	-0,01	2,74E-6
0,273	5,36E-4	-0,01	2,74E-6
0,274	5,36E-4	-0,01	2,74E-6
0,275	5,36E-4	-0,01	2,74E-6
0,276	5,36E-4	-0,01	2,74E-6
0,277	5,36E-4	-0,01	2,74E-6
0,278	5,36E-4	-0,01	2,74E-6
0,279	5,36E-4	-0,01	2,74E-6
0,280	5,36E-4	-0,01	2,74E-6
0,281	5,36E-4	-0,01	2,74E-6
0,282	5,36E-4	-0,01	2,74E-6
0,283	5,36E-4	-0,01	2,74E-6
0,284	5,36E-4	-0,01	2,74E-6
0,285	5,36E-4	-0,01	2,74E-6
0,286	5,36E-4	-0,01	2,74E-6
0,287	5,36E-4	-0,01	2,74E-6
0,288	5,36E-4	-0,01	2,74E-6
0,289	5,36E-4	-0,01	2,74E-6
0,290	5,36E-4	-0,01	2,74E-6
0,291	5,36E-4	-0,01	2,74E-6
0,292	5,36E-4	-0,01	2,74E-6
0,293	5,36E-4	-0,01	2,74E-6
0,294	5,36E-4	-0,01	2,74E-6
0,295	5,36E-4	-0,01	2,74E-6
0,296	5,36E-4	-0,01	2,74E-6
0,297	5,36E-4	-0,01	2,74E-6
0,298	5,36E-4	-0,01	2,74E-6
0,299	5,36E-4	-0,01	2,74E-6
0,300	5,36E-4	-0,01	2,74E-6
0,301	5,36E-4	-0,01	2,74E-6
0,302	5,36E-4	-0,01	2,74E-6
0,303	5,36E-4	-0,01	2,74E-6
0,304	5,36E-4	-0,01	2,74E-6
0,305	5,36E-4	-0,01	2,74E-6
0,306	5,36E-4	-0,01	2,74E-6
0,307	5,36E-4	-0,01	2,74E-6
0,308	5,36E-4	-0,01	2,74E-6
0,309	5,36E-4	-0,01	2,74E-6
0,310	5,36E-4	-0,01	2,74E-6
0,311	5,36E-4	-0,01	2,74E-6
0,312	5,36E-4	-0,01	2,74E-6
0,313	5,36E-4	-0,01	2,74E-6
0,314	5,36E-4	-0,01	2,74E-6
0,315	5,36E-4	-0,01	2,74E-6
0,316	5,36E-4	-0,01	2,74E-6
0,317	5,36E-4	-0,01	2,74E-6
0,318	5,36E-4	-0,01	2,74E-6
0,319	5,36E-4	-0,01	2,74E-6
0,320	5,36E-4	-0,01	2,74E-6
0,321	5,36E-4	-0,01	2,74E-6
0,322	5,36E-4	-0,01	2,74E-6
0,323	5,36E-4	-0,01	2,74E-6
0,324	5,36E-4	-0,01	2,74E-6
0,325	5,36E-4	-0,01	2,74E-6
0,326	5,36E-4	-0,01	2,74E-6
0,327	5,36E-4	-0,01	2,74E-6
0,328	5,36E-4	-0,01	2,74E-6
0,329	5,36E-4	-0,01	2,74E-6
0,330	5,36E-4	-0,01	2,74E-6
0,331	5,36E-4	-0,01	2,74E-6
0,332	5,36E-4	-0,01	2,74E-6
0,333	5,36E-4	-0,01	2,74E-6
0,334	5,36E-4	-0,01	2,74E-6
0,335	5,36E-4	-0,01	2,74E-6
0,336	5,36E-4	-0,01	2,74E-6
0,337	5,36E-4	-0,01	2,74E-6
0,338	5,36E-4	-0,01	2,74E-6
0,339	5,36E-4	-0,01	2,74E-6
0,340	5,36E-4	-0,01	2,74E-6
0,341	5,36E-4	-0,01	2,74E-6
0,342	5,36E-4	-0,01	2,74E-6
0,343	5,36E-4	-0,01	2,74E-6
0,344	5,36E-4	-0,01	2,74E-6
0,345	5,36E-4	-0,01	2,74E-6
0,346	5,36E-4	-0,01	2,74E-6
0,347	5,36E-4	-0,01	2,74E-6
0,348	5,36E-4	-0,01	2,74E-6
0,349	5,36E-4	-0,01	2,74E-6
0,350	5,36E-4	-0,01	2,74E-6
0,351	5,36E-4	-0,01	2,74E-6
0,352	5,36E-4	-0,01	2,74E-6
0,353	5,36E-4	-0,01	2,74E-6
0,354	5,36E-4	-0,01	2,74E-6
0,355	5,36E-4	-0,01	2,74E-6
0,356	5,36E-4	-0,01	2,74E-6
0,357	5,36E-4	-0,01	2,74E-6
0,358	5,36E-4	-0,01	2,74E-6
0,359	5,36E-4	-0,01	2,74E-6
0,360	5,36E-4	-0,01	2,74E-6
0,361	5,36E-4	-0,01	2,74E-6
0,362	5,36E-4	-0,01	2,74E-6
0,363	5,36E-4	-0,01	2,74E-6
0,364	5,36E-4	-0,01	2,74E-6
0,365	5,36E-4	-0,01	2,74E-6
0,366	5,36E-4	-0,01	2,74E-6
0,367	5,36E-4	-0,01	2,74E-6
0,368	5,36E-4	-0,01	2,74E-6
0,369	5,36E-4	-0,01	2,74E-6
0,370	5,36E-4	-0,01	2,74E-6
0,371	5,36E-4	-0,01	2,74E-6
0,372	5,36E-4	-0,01	5,47E-6
0,373	5,36E-4	-0,01	5,47E-6
0,374	5,36E-4	-0,01	5,47E-6
0,375	5,36E-4	-0,01	5,47E-6
0,376	5,36E-4	-0,01	2,74E-6
0,377	5,36E-4	-0,01	5,47E-6
0,378	5,36E-4	-0,01	2,74E-6
0,379	5,36E-4	-0,01	2,74E-6
0,380	5,36E-4	-0,01	5,47E-6
0,381	5,36E-4	-0,01	5,47E-6
0,382	5,36E-4	-0,01	5,47E-6
0,383	5,36E-4	-0,01	5,47E-6
0,384	5,36E-4	-0,01	5,47E-6
0,385	5,36E-4	-0,01	5,47E-6
0,386	5,36E-4	-0,01	5,47E-6
0,387	5,36E-4	-0,01	5,47E-6
0,388	5,36E-4	-0,01	5,47E-6
0,389	5,36E-4	-0,01	5,47E-6
0,390	5,36E-4	-0,01	5,47E-6
0,391	5,36E-4	-0,01	5,47E-6
0,392	5,36E-4	-0,01	5,47E-6
0,393	5,36E-4	-0,01	5,47E-6
0,394	5,36E-4	-0,01	5,47E-6
0,395	5,36E-4	-0,01	5,47E-6
0,396	5,36E-4	-0,01	5,47E-6
0,397	5,36E-4	-0,01	5,47E-6
0,398	5,36E-4	-0,02	8,21E-6
0,399	5,36E-4	-0,01	5,47E-6
0,400	5,36E-4	-0,01	5,47E-6
0,401	5,36E-4	-0,01	5,47E-6
0,402	5,36E-4	-0,02	8,21E-6
0,403	5,36E-4	-0,02	8,21E-6
0,404	5,36E-4	-0,02	8,21E-6
0,405	5,36E-4	-0,02	8,21E-6
0,406	5,36E-4	-0,02	8,21E-6
0,407	5,36E-4	-0,02	8,21E-6
0,408	5,36E-4	-0,02	8,21E-6
0,409	5,36E-4	-0,02	8,21E-6
0,410	5,36E-4	-0,02	8,21E-6
0,411	5,36E-4	-0,02	8,21E-6
0,412	5,36E-4	-0,02	8,21E-6
0,413	5,36E-4	-0,02	8,21E-6
0,414	5,36E-4	-0,02	1,09E-5
0,415	5,36E-4	-0,02	1,09E-5
0,416	5,36E-4	-0,02	1,09E-5
0,417	5,36E-4	-0,02	1,09E-5
0,418	5,36E-4	-0,02	1,09E-5
0,419	5,36E-4	-0,02	1,09E-5
0,420	5,36E-4	-0,02	1,09E-5
0,421	5,36E-4	-0,02	1,09E-5
0,422	5,36E-4	-0,03	1,37E-5
0,423	5,36E-4	-0,03	1,37E-5
0,424	5,36E-4	-0,03	1,37E-5
0,425	5,36E-4	-0,03	1,37E-5
0,426	5,36E-4	-0,03	1,64E-5
0,427	5,36E-4	-0,03	1,64E-5
0,428	5,36E-4	-0,03	1,64E-5
0,429	5,36E-4	-0,03	1,64E-5
0,430	5,36E-4	-0,03	1,64E-5
0,431	5,36E-4	-0,04	1,91E-5
0,432	5,36E-4	-0,04	1,91E-5
0,433	5,36E-4	-0,04	1,91E-5
0,434	5,36E-4	-0,04	1,91E-5
0,435	5,36E-4	-0,04	2,19E-5
0,436	5,36E-4	-0,04	2,19E-5
0,437	5,36E-4	-0,05	2,46E-5
0,438	5,36E-4	-0,05	2,46E-5
0,439	5,36E-4	-0,05	2,46E-5
0,440	5,36E-4	-0,05	2,74E-5
0,441	5,36E-4	-0,05	2,74E-5
0,442	5,36E-4	-0,05	2,74E-5
0,443	5,36E-4	-0,06	3,01E-5
0,444	5,36E-4	-0,06	3,28E-5
0,445	5,36E-4	-0,06	3,28E-5
0,446	5,36E-4	-0,07	3,56E-5
0,447	5,36E-4	-0,07	3,83E-5
0,448	5,36E-4	-0,07	3,83E-5
0,449	5,36E-4	-0,08	4,10E-5
0,450	5,36E-4	-0,08	4,38E-5
0,451	5,36E-4	-0,09	4,65E-5
0,452	5,36E-4	-0,09	4,92E-5
0,453	5,36E-4	-0,10	5,20E-5
0,454	5,36E-4	-0,10	5,47E-5
0,455	5,36E-4	-0,11	5,74E-5
0,456	5,36E-4	-0,12	6,29E-5
0,457	5,36E-4	-0,12	6,57E-5
0,458	5,36E-4	-0,13	7,11E-5
0,459	5,36E-4	-0,14	7,66E-5
0,460	5,36E-4	-0,15	8,21E-5
0,461	5,36E-4	-0,16	8,75E-5
0,462	5,36E-4	-0,17	9,30E-5
0,463	5,36E-4	-0,19	1,01E-4
0,464	5,36E-4	-0,20	1,09E-4
0,465	5,36E-4	-0,22	1,18E-4
0,466	5,36E-4	-0,24	1,29E-4
0,467	5,36E-4	-0,26	1,37E-4
0,468	5,36E-4	-0,28	1,50E-4
0,469	5,36E-4	-0,30	1,61E-4
0,470	5,36E-4	-0,33	1,78E-4
0,471	5,36E-4	-0,36	1,94E-4
0,472	5,36E-4	-0,39	2,11E-4
0,473	5,36E-4	-0,43	2,33E-4
0,474	5,36E-4	-0,47	2,54E-4
0,475	5,36E-4	-0,52	2,76E-4
0,476	5,36E-4	-0,57	3,06E-4
0,477	5,36E-4	-0,63	3,36E-4
0,478	5,36E-4	-0,70	3,75E-4
0,479	5,36E-4	-0,78	4,16E-4
0,480	5,36E-4	-0,87	4,65E-4
0,481	5,36E-4	-0,97	5,17E-4
0,482	5,36E-4	-1,08	5,80E-4
0,483	5,36E-4	-1,21	6,48E-4
0,484	5,36E-4	-1,36	7,28E-4
0,485	5,36E-4	-1,53	8,21E-4
0,486	5,36E-4	-1,73	9,27E-4
0,487	5,36E-4	-1,97	0,00
0,488	5,36E-4	-2,23	0,00
0,489	5,36E-4	-2,53	0,00
0,490	5,36E-4	-2,89	0,00
0,491	5,36E-4	-3,29	0,00
0,492	5,36E-4	-3,74	0,00
0,493	5,36E-4	-4,25	0,00
0,494	5,36E-4	-4,81	0,00
0,495	5,36E-4	-5,42	0,00
0,496	5,36E-4	-6,02	0,00
0,497	5,36E-4	-6,63	0,00
0,498	5,36E-4	-7,21	0,00
0,499	5,36E-4	-7,67	0,00
0,500	5,36E-4	-8,03	0,00
0,501	5,36E-4	-8,29	0,00
0,502	5,36E-4	-8,37	0,00
0,503	5,36E-4	-8,27	0,00
0,504	5,36E-4	-8,03	0,00
0,505	5,36E-4	-7,61	0,00
0,506	5,36E-4	-7,04	0,00
0,507	5,36E-4	-6,35	0,00
0,508	5,36E-4	-5,56	0,00
0,509	5,36E-4	-4,69	0,00
0,510	5,36E-4	-3,79	0,00
0,511	5,36E-4	-2,90	0,00
0,512	5,36E-4	-2,01	0,00
0,513	5,36E-4	-1,14	6,10E-4
0,514	5,36E-4	-0,28	1,50E-4
0,515	5,36E-4	0,57	3,04E-4
0,516	5,36E-4	1,41	7,58E-4
0,517	0,00	1,85	0,01
0,518	0,01	1,94	0,03
0,519	0,03	2,01	0,06
0,520	0,05	2,06	0,10
0,521	0,07	2,11	0,14
0,522	0,08	2,15	0,18
0,523	0,10	2,18	0,22
0,524	0,12	2,21	0,26
0,525	0,13	2,23	0,28
0,526	0,14	2,24	0,31
0,527	0,14	2,25	0,32
0,528	0,14	2,25	0,32
0,529	0,14	2,24	0,31
0,530	0,13	2,22	0,29
0,531	0,12	2,20	0,26
0,532	0,11	2,18	0,23
0,533	0,09	2,15	0,20
0,534	0,08	2,12	0,17
0,535	0,06	2,09	0,13
0,536	0,05	2,06	0,10
0,537	0,04	2,03	0,08
0,538	0,03	1,99	0,06
0,539	0,02	1,96	0,04
0,540	0,01	1,92	0,02
0,541	0,01	1,88	0,01
0,542	0,00	1,79	0,00
0,543	5,36E-4	1,47	7,85E-4
0,544	5,36E-4	1,28	6,87E-4
0,545	5,36E-4	1,12	6,02E-4
0,546	5,36E-4	0,99	5,28E-4
0,547	5,36E-4	0,87	4,65E-4
0,548	5,36E-4	0,77	4,13E-4
0,549	5,36E-4	0,68	3,67E-4
0,550	5,36E-4	0,60	3,23E-4
0,551	5,36E-4	0,52	2,76E-4
0,552	5,36E-4	0,41	2,22E-4
0,553	5,36E-4	0,37	2,00E-4
0,554	5,36E-4	0,34	1,83E-4
0,555	5,36E-4	0,30	1,61E-4
0,556	5,36E-4	0,19	1,04E-4
0,557	5,36E-4	0,04	2,19E-5
0,558	5,36E-4	-0,02	1,09E-5
0,559	5,36E-4	-0,03	1,37E-5
0,560	5,36E-4	-0,02	1,09E-5
0,561	5,36E-4	-0,02	8,21E-6
0,562	5,36E-4	0,00	0,00
0,563	5,36E-4	0,01	5,47E-6
0,564	5,36E-4	0,02	1,09E-5
0,565	5,36E-4	0,04	1,91E-5
0,566	5,36E-4	0,05	2,46E-5
0,567	5,36E-4	0,06	3,28E-5
0,568	5,36E-4	0,08	4,10E-5
0,569	5,36E-4	0,09	4,65E-5
0,570	5,36E-4	0,10	5,47E-5
0,571	5,36E-4	0,11	6,02E-5
0,572	5,36E-4	0,13	6,84E-5
0,573	5,36E-4	0,14	7,66E-5
0,574	5,36E-4	0,15	8,21E-5
0,575	5,36E-4	0,17	9,03E-5
0,576	5,36E-4	0,18	9,85E-5
0,577	5,36E-4	0,19	1,04E-4
0,578	5,36E-4	0,21	1,12E-4
0,579	5,36E-4	0,22	1,18E-4
0,580	5,36E-4	0,23	1,23E-4
0,581	5,36E-4	0,24	1,29E-4
0,582	5,36E-4	0,25	1,31E-4
0,583	5,36E-4	0,25	1,34E-4
0,584	5,36E-4	0,26	1,37E-4
0,585	5,36E-4	0,26	1,40E-4
0,586	5,36E-4	0,27	1,42E-4
0,587	5,36E-4	0,27	1,42E-4
0,588	5,36E-4	0,27	1,42E-4
0,589	5,36E-4	0,27	1,42E-4
0,590	5,36E-4	0,27	1,42E-4
0,591	5,36E-4	0,27	1,42E-4
0,592	5,36E-4	0,27	1,42E-4
0,593	5,36E-4	0,27	1,42E-4
0,594	5,36E-4	0,26	1,40E-4
0,595	5,36E-4	0,26	1,37E-4
0,596	5,36E-4	0,25	1,31E-4
0,597	5,36E-4	0,24	1,29E-4
0,598	5,36E-4	0,23	1,23E-4
0,599	5,36E-4	0,22	1,18E-4
0,600	5,36E-4	0,21	1,12E-4
0,601	5,36E-4	0,20	1,09E-4
0,602	5,36E-4	0,20	1,07E-4
0,603	5,36E-4	0,19	1,04E-4
0,604	5,36E-4	0,19	1,01E-4
0,605	5,36E-4	0,18	9,85E-5
0,606	5,36E-4	0,18	9,57E-5
0,607	5,36E-4	0,17	9,30E-5
0,608	5,36E-4	0,17	9,03E-5
0,609	5,36E-4	0,17	9,03E-5
0,610	5,36E-4	0,16	8,75E-5
0,611	5,36E-4	0,16	8,75E-5
0,612	5,36E-4	0,16	8,48E-5
0,613	5,36E-4	0,16	8,48E-5
0,614	5,36E-4	0,16	8,48E-5
0,615	5,36E-4	0,15	8,21E-5
0,616	5,36E-4	0,15	7,93E-5
0,617	5,36E-4	0,15	7,93E-5
0,618	5,36E-4	0,15	7,93E-5
0,619	5,36E-4	0,14	7,66E-5
0,620	5,36E-4	0,14	7,39E-5
0,621	5,36E-4	0,14	7,39E-5
0,622	5,36E-4	0,13	7,11E-5
0,623	5,36E-4	0,13	6,84E-5
0,624	5,36E-4	0,12	6,57E-5
0,625	5,36E-4	0,12	6,29E-5
0,626	5,36E-4	0,12	6,29E-5
0,627	5,36E-4	0,11	6,02E-5
0,628	5,36E-4	0,11	5,74E-5
0,629	5,36E-4	0,10	5,47E-5
0,630	5,36E-4	0,10	5,20E-5
0,631	5,36E-4	0,09	4,92E-5
0,632	5,36E-4	0,09	4,65E-5
0,633	5,36E-4	0,08	4,10E-5
0,634	5,36E-4	0,07	3,83E-5
0,635	5,36E-4	0,07	3,56E-5
0,636	5,36E-4	0,06	3,28E-5
0,637	5,36E-4	0,05	2,74E-5
0,638	5,36E-4	0,04	2,19E-5
0,639	5,36E-4	0,04	1,91E-5
0,640	5,36E-4	0,03	1,64E-5
0,641	5,36E-4	0,02	1,09E-5
0,642	5,36E-4	0,02	8,21E-6
0,643	5,36E-4	0,01	5,47E-6
0,644	5,36E-4	0,00	0,00
0,645	5,36E-4	-0,01	2,74E-6
0,646	5,36E-4	-0,01	5,47E-6
0,647	5,36E-4	-0,02	8,21E-6
0,648	5,36E-4	-0,02	1,09E-5
0,649	5,36E-4	-0,03	1,64E-5
0,650	5,36E-4	-0,04	1,91E-5
0,651	5,36E-4	-0,04	2,19E-5
0,652	5,36E-4	-0,05	2,74E-5
0,653	5,36E-4	-0,06	3,01E-5
0,654	5,36E-4	-0,06	3,28E-5
0,655	5,36E-4	-0,07	3,56E-5
0,656	5,36E-4	-0,07	3,83E-5
0,657	5,36E-4	-0,08	4,10E-5
0,658	5,36E-4	-0,08	4,38E-5
0,659	5,36E-4	-0,09	4,65E-5
0,660	5,36E-4	-0,09	4,92E-5
0,661	5,36E-4	-0,09	4,92E-5
0,662	5,36E-4	-0,10	5,20E-5
0,663	5,36E-4	-0,10	5,47E-5
0,664	5,36E-4	-0,10	5,47E-5
0,665	5,36E-4	-0,11	5,74E-5
0,666	5,36E-4	-0,11	6,02E-5
0,667	5,36E-4	-0,12	6,29E-5
0,668	5,36E-4	-0,12	6,29E-5
0,669	5,36E-4	-0,12	6,57E-5
0,670	5,36E-4	-0,12	6,57E-5
0,671	5,36E-4	-0,13	6,84E-5
0,672	5,36E-4	-0,13	6,84E-5
0,673	5,36E-4	-0,13	6,84E-5
0,674	5,36E-4	-0,13	6,84E-5
0,675	5,36E-4	-0,13	6,84E-5
0,676	5,36E-4	-0,13	6,84E-5
0,677	5,36E-4	-0,13	6,84E-5
0,678	5,36E-4	-0,13	6,84E-5
0,679	5,36E-4	-0,12	6,57E-5
0,680	5,36E-4	-0,12	6,57E-5
0,681	5,36E-4	-0,12	6,29E-5
0,682	5,36E-4	-0,12	6,29E-5
0,683	5,36E-4	-0,11	6,02E-5
0,684	5,36E-4	-0,11	6,02E-5
0,685	5,36E-4	-0,11	5,74E-5
0,686	5,36E-4	-0,11	5,74E-5
0,687	5,36E-4	-0,10	5,47E-5
0,688	5,36E-4	-0,10	5,20E-5
0,689	5,36E-4	-0,10	5,20E-5
0,690	5,36E-4	-0,10	5,20E-5
0,691	5,36E-4	-0,09	4,92E-5
0,692	5,36E-4	-0,09	4,65E-5
0,693	5,36E-4	-0,08	4,38E-5
0,694	5,36E-4	-0,08	4,38E-5
0,695	5,36E-4	-0,08	4,10E-5
0,696	5,36E-4	-0,07	3,56E-5
0,697	5,36E-4	-0,06	3,28E-5
0,698	5,36E-4	-0,05	2,74E-5
0,699	5,36E-4	-0,05	2,46E-5
0,700	5,36E-4	-0,04	1,91E-5
0,701	5,36E-4	-0,03	1,64E-5
0,702	5,36E-4	-0,03	1,37E-5
0,703	5,36E-4	-0,02	1,09E-5
0,704	5,36E-4	-0,02	1,09E-5
0,705	5,36E-4	-0,02	1,09E-5
0,706	5,36E-4	-0,02	8,21E-6
0,707	5,36E-4	-0,02	1,09E-5
0,708	5,36E-4	-0,02	1,09E-5
0,709	5,36E-4	-0,03	1,37E-5
0,710	5,36E-4	-0,03	1,37E-5
0,711	5,36E-4	-0,03	1,37E-5
0,712	5,36E-4	-0,03	1,64E-5
0,713	5,36E-4	-0,03	1,64E-5
0,714	5,36E-4	-0,04	1,91E-5
0,715	5,36E-4	-0,04	1,91E-5
0,716	5,36E-4	-0,04	1,91E-5
0,717	5,36E-4	-0,04	2,19E-5
0,718	5,36E-4	-0,04	2,19E-5
0,719	5,36E-4	-0,04	2,19E-5
0,720	5,36E-4	-0,05	2,46E-5
0,721	5,36E-4	-0,05	2,46E-5
0,722	5,36E-4	-0,05	2,46E-5
0,723	5,36E-4	-0,05	2,46E-5
0,724	5,36E-4	-0,05	2,46E-5
0,725	5,36E-4	-0,05	2,46E-5
0,726	5,36E-4	-0,05	2,46E-5
0,727	5,36E-4	-0,05	2,46E-5
0,728	5,36E-4	-0,05	2,46E-5
0,729	5,36E-4	-0,05	2,46E-5
0,730	5,36E-4	-0,05	2,46E-5
0,731	5,36E-4	-0,04	2,19E-5
0,732	5,36E-4	-0,04	2,19E-5
0,733	5,36E-4	-0,04	2,19E-5
0,734	5,36E-4	-0,04	1,91E-5
0,735	5,36E-4	-0,04	1,91E-5
0,736	5,36E-4	-0,03	1,64E-5
0,737	5,36E-4	-0,03	1,64E-5
0,738	5,36E-4	-0,03	1,37E-5
0,739	5,36E-4	-0,03	1,37E-5
0,740	5,36E-4	-0,02	1,09E-5
0,741	5,36E-4	-0,02	1,09E-5
0,742	5,36E-4	-0,02	8,21E-6
0,743	5,36E-4	-0,02	8,21E-6
0,744	5,36E-4	-0,01	5,47E-6
0,745	5,36E-4	-0,01	5,47E-6
0,746	5,36E-4	-0,01	2,74E-6
0,747	5,36E-4	-0,01	2,74E-6
0,748	5,36E-4	0,00	0,00
0,749	5,36E-4	0,00	0,00
0,750	5,36E-4	0,01	2,74E-6
0,751	5,36E-4	0,01	2,74E-6
0,752	5,36E-4	0,01	2,74E-6
0,753	5,36E-4	0,01	2,74E-6
0,754	5,36E-4	0,01	5,47E-6
0,755	5,36E-4	0,01	5,47E-6
0,756	5,36E-4	0,01	5,47E-6
0,757	5,36E-4	0,01	5,47E-6
0,758	5,36E-4	0,02	8,21E-6
0,759	5,36E-4	0,02	8,21E-6
0,760	5,36E-4	0,02	8,21E-6
0,761	5,36E-4	0,02	8,21E-6
0,762	5,36E-4	0,02	8,21E-6
0,763	5,36E-4	0,02	1,09E-5
0,764	5,36E-4	0,02	1,09E-5
0,765	5,36E-4	0,02	1,09E-5
0,766	5,36E-4	0,02	1,09E-5
0,767	5,36E-4	0,02	1,09E-5
0,768	5,36E-4	0,02	1,09E-5
0,769	5,36E-4	0,02	1,09E-5
0,770	5,36E-4	0,02	1,09E-5
0,771	5,36E-4	0,02	1,09E-5
0,772	5,36E-4	0,02	1,09E-5
0,773	5,36E-4	0,02	1,09E-5
0,774	5,36E-4	0,02	1,09E-5
0,775	5,36E-4	0,02	1,09E-5
0,776	5,36E-4	0,02	1,09E-5
0,777	5,36E-4	0,02	1,09E-5
0,778	5,36E-4	0,02	1,09E-5
0,779	5,36E-4	0,02	1,09E-5
0,780	5,36E-4	0,02	1,09E-5
0,781	5,36E-4	0,02	1,09E-5
0,782	5,36E-4	0,02	8,21E-6
0,783	5,36E-4	0,02	1,09E-5
0,784	5,36E-4	0,02	8,21E-6
0,785	5,36E-4	0,02	8,21E-6
0,786	5,36E-4	0,02	8,21E-6
0,787	5,36E-4	0,02	8,21E-6
0,788	5,36E-4	0,02	8,21E-6
0,789	5,36E-4	0,02	8,21E-6
0,790	5,36E-4	0,02	8,21E-6
0,791	5,36E-4	0,02	8,21E-6
0,792	5,36E-4	0,01	5,47E-6
0,793	5,36E-4	0,01	5,47E-6
0,794	5,36E-4	0,01	5,47E-6
0,795	5,36E-4	0,01	5,47E-6
0,796	5,36E-4	0,01	5,47E-6
0,797	5,36E-4	0,01	5,47E-6
0,798	5,36E-4	0,01	2,74E-6
0,799	5,36E-4	0,01	2,74E-6
0,800	5,36E-4	0,01	2,74E-6
0,801	5,36E-4	0,01	2,74E-6
0,802	5,36E-4	0,01	2,74E-6
0,803	5,36E-4	0,01	2,74E-6
0,804	5,36E-4	0,01	2,74E-6
0,805	5,36E-4	0,01	2,74E-6
0,806	5,36E-4	0,00	0,00
0,807	5,36E-4	0,00	0,00
0,808	5,36E-4	0,00	0,00
0,809	5,36E-4	0,00	0,00
0,810	5,36E-4	0,00	0,00
0,811	5,36E-4	0,00	0,00
0,812	5,36E-4	0,00	0,00
0,813	5,36E-4	0,00	0,00
0,814	5,36E-4	0,00	0,00
0,815	5,36E-4	-0,01	2,74E-6
0,816	5,36E-4	-0,01	2,74E-6
0,817	5,36E-4	-0,01	2,74E-6
0,818	5,36E-4	-0,01	2,74E-6
0,819	5,36E-4	-0,01	2,74E-6
0,820	5,36E-4	-0,01	2,74E-6
0,821	5,36E-4	-0,01	2,74E-6
0,822	5,36E-4	-0,01	2,74E-6
0,823	5,36E-4	-0,01	2,74E-6
0,824	5,36E-4	-0,01	2,74E-6
0,825	5,36E-4	-0,01	2,74E-6
0,826	5,36E-4	-0,01	2,74E-6
0,827	5,36E-4	-0,01	2,74E-6
0,828	5,36E-4	-0,01	2,74E-6
0,829	5,36E-4	-0,01	2,74E-6
0,830	5,36E-4	-0,01	2,74E-6
0,831	5,36E-4	-0,01	2,74E-6
0,832	5,36E-4	-0,01	2,74E-6
0,833	5,36E-4	-0,01	2,74E-6
0,834	5,36E-4	-0,01	2,74E-6
0,835	5,36E-4	-0,01	2,74E-6
0,836	5,36E-4	-0,01	2,74E-6
0,837	5,36E-4	-0,01	2,74E-6
0,838	5,36E-4	-0,01	2,74E-6
0,839	5,36E-4	-0,01	2,74E-6
0,840	5,36E-4	-0,01	2,74E-6
0,841	5,36E-4	-0,01	2,74E-6
0,842	5,36E-4	-0,01	2,74E-6
0,843	5,36E-4	-0,01	2,74E-6
0,844	5,36E-4	-0,01	2,74E-6
0,845	5,36E-4	-0,01	2,74E-6
0,846	5,36E-4	-0,01	2,74E-6
0,847	5,36E-4	-0,01	2,74E-6
0,848	5,36E-4	-0,01	2,74E-6
0,849	5,36E-4	-0,01	2,74E-6
0,850	5,36E-4	-0,01	2,74E-6
0,851	5,36E-4	-0,01	2,74E-6
0,852	5,36E-4	-0,01	2,74E-6
0,853	5,36E-4	-0,01	2,74E-6
0,854	5,36E-4	-0,01	2,74E-6
0,855	5,36E-4	-0,01	2,74E-6
0,856	5,36E-4	-0,01	2,74E-6
0,857	5,36E-4	-0,01	2,74E-6
0,858	5,36E-4	-0,01	2,74E-6
0,859	5,36E-4	-0,01	2,74E-6
0,860	5,36E-4	-0,01	2,74E-6
0,861	5,36E-4	-0,01	2,74E-6
0,862	5,36E-4	-0,01	2,74E-6
0,863	5,36E-4	-0,01	2,74E-6
0,864	5,36E-4	-0,01	2,74E-6
0,865	5,36E-4	-0,01	2,74E-6
0,866	5,36E-4	-0,01	2,74E-6
0,867	5,36E-4	-0,01	2,74E-6
0,868	5,36E-4	-0,01	2,74E-6
0,869	5,36E-4	-0,01	2,74E-6
0,870	5,36E-4	-0,01	2,74E-6
0,871	5,36E-4	-0,01	2,74E-6
0,872	5,36E-4	-0,01	2,74E-6
0,873	5,36E-4	-0,01	2,74E-6
0,874	5,36E-4	-0,01	2,74E-6
0,875	5,36E-4	-0,01	2,74E-6
0,876	5,36E-4	-0,01	2,74E-6
0,877	5,36E-4	-0,01	2,74E-6
0,878	5,36E-4	-0,01	2,74E-6
0,879	5,36E-4	-0,01	2,74E-6
0,880	5,36E-4	-0,01	2,74E-6
0,881	5,36E-4	-0,01	2,74E-6
0,882	5,36E-4	-0,01	2,74E-6
0,883	5,36E-4	-0,01	2,74E-6
0,884	5,36E-4	-0,01	2,74E-6
0,885	5,36E-4	-0,01	2,74E-6
0,886	5,36E-4	-0,01	2,74E-6
0,887	5,36E-4	-0,01	2,74E-6
0,888	5,36E-4	-0,01	2,74E-6
0,889	5,36E-4	-0,01	2,74E-6
0,890	5,36E-4	-0,01	2,74E-6
0,891	5,36E-4	-0,01	2,74E-6
0,892	5,36E-4	-0,01	2,74E-6
0,893	5,36E-4	-0,01	2,74E-6
0,894	5,36E-4	-0,01	2,74E-6
0,895	5,36E-4	-0,01	2,74E-6
0,896	5,36E-4	-0,01	2,74E-6
0,897	5,36E-4	-0,01	2,74E-6
0,898	5,36E-4	-0,01	2,74E-6
0,899	5,36E-4	-0,01	2,74E-6
0,900	5,36E-4	-0,01	2,74E-6
0,901	5,36E-4	-0,01	2,74E-6
0,902	5,36E-4	-0,01	2,74E-6
0,903	5,36E-4	-0,01	2,74E-6
0,904	5,36E-4	-0,01	2,74E-6
0,905	5,36E-4	-0,01	2,74E-6
0,906	5,36E-4	-0,01	2,74E-6
0,907	5,36E-4	0,00	0,00
0,908	5,36E-4	-0,01	2,74E-6
0,909	5,36E-4	-0,01	2,74E-6
0,910	5,36E-4	-0,01	2,74E-6
0,911	5,36E-4	-0,01	2,74E-6
0,912	5,36E-4	-0,01	2,74E-6
0,913	5,36E-4	-0,01	2,74E-6
0,914	5,36E-4	-0,01	2,74E-6
0,915	5,36E-4	-0,01	2,74E-6
0,916	5,36E-4	-0,01	2,74E-6
0,917	5,36E-4	-0,01	2,74E-6
0,918	5,36E-4	-0,01	2,74E-6
0,919	5,36E-4	-0,01	2,74E-6
0,920	5,36E-4	-0,01	2,74E-6
0,921	5,36E-4	-0,01	2,74E-6
0,922	5,36E-4	-0,01	2,74E-6
0,923	5,36E-4	-0,01	2,74E-6
0,924	5,36E-4	-0,01	2,74E-6
0,925	5,36E-4	-0,01	2,74E-6
0,926	5,36E-4	-0,01	2,74E-6
0,927	5,36E-4	-0,01	2,74E-6
0,928	5,36E-4	-0,01	2,74E-6
0,929	5,36E-4	-0,01	2,74E-6
0,930	5,36E-4	-0,01	2,74E-6
0,931	5,36E-4	-0,01	2,74E-6
0,932	5,36E-4	-0,01	2,74E-6
0,933	0,00	-0,01	5,47E-6
0,934	5,36E-4	-0,01	2,74E-6
0,935	5,36E-4	-0,01	2,74E-6
0,936	5,36E-4	-0,01	2,74E-6
0,937	5,36E-4	-0,01	2,74E-6
0,938	5,36E-4	-0,01	2,74E-6
0,939	5,36E-4	-0,01	2,74E-6
0,940	5,36E-4	-0,01	2,74E-6
0,941	5,36E-4	-0,01	2,74E-6
0,942	5,36E-4	-0,01	2,74E-6
0,943	5,36E-4	-0,01	2,74E-6
0,944	5,36E-4	-0,01	2,74E-6
0,945	5,36E-4	-0,01	2,74E-6
0,946	5,36E-4	-0,01	2,74E-6
0,947	5,36E-4	-0,01	2,74E-6
0,948	5,36E-4	-0,01	2,74E-6
0,949	5,36E-4	-0,01	2,74E-6
0,950	5,36E-4	-0,01	2,74E-6
0,951	5,36E-4	-0,01	2,74E-6
0,952	5,36E-4	-0,01	2,74E-6
0,953	5,36E-4	-0,01	2,74E-6
0,954	5,36E-4	-0,01	2,74E-6
0,955	5,36E-4	-0,01	2,74E-6
0,956	5,36E-4	-0,01	2,74E-6
0,957	5,36E-4	-0,01	2,74E-6
0,958	5,36E-4	-0,01	2,74E-6
0,959	5,36E-4	-0,01	2,74E-6
0,960	5,36E-4	-0,01	2,74E-6
0,961	5,36E-4	-0,01	2,74E-6
0,962	5,36E-4	-0,01	2,74E-6
0,963	5,36E-4	-0,01	2,74E-6
0,964	5,36E-4	-0,01	2,74E-6
0,965	5,36E-4	-0,01	2,74E-6
0,966	5,36E-4	-0,01	2,74E-6
0,967	5,36E-4	-0,01	2,74E-6
0,968	5,36E-4	-0,01	2,74E-6
0,969	5,36E-4	-0,01	2,74E-6
0,970	5,36E-4	-0,01	2,74E-6
0,971	5,36E-4	-0,01	2,74E-6
0,972	5,36E-4	-0,01	2,74E-6
0,973	5,36E-4	-0,01	2,74E-6
0,974	5,36E-4	-0,01	2,74E-6
0,975	5,36E-4	-0,01	2,74E-6
0,976	5,36E-4	-0,01	2,74E-6
0,977	5,36E-4	-0,01	2,74E-6
0,978	5,36E-4	-0,01	2,74E-6
0,979	5,36E-4	-0,01	2,74E-6
0,980	5,36E-4	-0,01	2,74E-6
0,981	5,36E-4	0,00	0,00
0,982	5,36E-4	0,00	0,00
0,983	5,36E-4	-0,01	2,74E-6
0,984	5,36E-4	0,00	0,00
0,985	5,36E-4	-0,01	2,74E-6
0,986	5,36E-4	-0,01	2,74E-6
0,987	5,36E-4	0,00	0,00
0,988	5,36E-4	-0,01	2,74E-6
0,989	5,36E-4	0,00	0,00
0,990	5,36E-4	0,00	0,00
0,991	5,36E-4	0,00	0,00
0,992	5,36E-4	0,00	0,00
0,993	5,36E-4	0,00	0,00
0,994	5,36E-4	0,00	0,00
0,995	5,36E-4	0,00	0,00
0,996	5,36E-4	0,00	0,00
0,997	5,36E-4	0,00	0,00
0,998	5,36E-4	0,00	0,00
0,999	5,36E-4	0,00	0,00
1,000	5,36E-4	0,00	0,00
1,001	5,36E-4	0,00	0,00
1,002	5,36E-4	0,00	0,00
1,003	5,36E-4	0,00	0,00
1,004	5,36E-4	0,00	0,00
1,005	5,36E-4	0,00	0,00
1,006	5,36E-4	0,00	0,00
1,007	5,36E-4	0,00	0,00
1,008	5,36E-4	0,00	0,00
1,009	5,36E-4	0,00	0,00
1,010	5,36E-4	0,00	0,00
1,011	5,36E-4	0,00	0,00
1,012	5,36E-4	0,00	0,00
1,013	5,36E-4	0,00	0,00
1,014	5,36E-4	0,00	0,00
1,015	5,36E-4	0,00	0,00
1,016	5,36E-4	0,00	0,00
1,017	5,36E-4	0,00	0,00
1,018	5,36E-4	0,00	0,00
1,019	5,36E-4	0,00	0,00
1,020	5,36E-4	0,00	0,00
1,021	5,36E-4	0,00	0,00
1,022	5,36E-4	0,00	0,00
1,023	5,36E-4	0,00	0,00
1,024	5,36E-4	0,00	0,00
1,025	5,36E-4	0,00	0,00
1,026	5,36E-4	0,00	0,00
1,027	5,36E-4	0,00	0,00
1,028	5,36E-4	0,00	0,00
1,029	5,36E-4	0,00	0,00
1,030	5,36E-4	0,00	0,00
1,031	5,36E-4	0,00	0,00
1,032	5,36E-4	0,00	0,00
1,033	5,36E-4	0,00	0,00
1,034	5,36E-4	0,00	0,00
1,035	5,36E-4	0,00	0,00
1,036	5,36E-4	0,00	0,00
1,037	5,36E-4	0,00	0,00
1,038	5,36E-4	0,00	0,00
1,039	5,36E-4	0,00	0,00
1,040	5,36E-4	0,00	0,00
1,041	5,36E-4	0,00	0,00
1,042	5,36E-4	0,00	0,00
1,043	5,36E-4	0,00	0,00
1,044	5,36E-4	0,00	0,00
1,045	5,36E-4	0,00	0,00
1,046	5,36E-4	0,00	0,00
1,047	5,36E-4	0,00	0,00
1,048	5,36E-4	0,00	0,00
1,049	5,36E-4	0,00	0,00
1,050	5,36E-4	0,00	0,00
1,051	5,36E-4	0,00	0,00
1,052	5,36E-4	0,00	0,00
1,053	5,36E-4	0,00	0,00
1,054	5,36E-4	0,00	0,00
1,055	5,36E-4	0,00	0,00
1,056	5,36E-4	0,00	0,00
1,057	5,36E-4	0,00	0,00
1,058	5,36E-4	0,00	0,00
1,059	5,36E-4	0,00	0,00
1,060	5,36E-4	0,00	0,00
1,061	5,36E-4	0,00	0,00
1,062	5,36E-4	-0,01	2,74E-6
1,063	5,36E-4	0,00	0,00
1,064	5,36E-4	-0,01	2,74E-6
1,065	5,36E-4	0,00	0,00
1,066	5,36E-4	-0,01	2,74E-6
1,067	5,36E-4	-0,01	2,74E-6
1,068	5,36E-4	-0,01	2,74E-6
1,069	5,36E-4	-0,01	2,74E-6
1,070	5,36E-4	-0,01	2,74E-6
1,071	5,36E-4	-0,01	2,74E-6
1,072	5,36E-4	-0,01	2,74E-6
1,073	5,36E-4	-0,01	2,74E-6
1,074	5,36E-4	-0,01	2,74E-6
1,075	5,36E-4	-0,01	2,74E-6
1,076	5,36E-4	0,00	0,00
1,077	5,36E-4	-0,01	2,74E-6
1,078	5,36E-4	-0,01	2,74E-6
1,079	5,36E-4	-0,01	2,74E-6
1,080	5,36E-4	-0,01	2,74E-6
1,081	5,36E-4	-0,01	2,74E-6
1,082	5,36E-4	0,00	0,00
1,083	5,36E-4	-0,01	2,74E-6
1,084	5,36E-4	0,00	0,00
1,085	5,36E-4	-0,01	2,74E-6
1,086	5,36E-4	-0,01	2,74E-6
1,087	5,36E-4	-0,01	2,74E-6
1,088	5,36E-4	0,00	0,00
1,089	5,36E-4	0,00	0,00
1,090	5,36E-4	-0,01	2,74E-6
1,091	5,36E-4	-0,01	2,74E-6
1,092	5,36E-4	0,00	0,00
1,093	5,36E-4	0,00	0,00
1,094	5,36E-4	0,00	0,00
1,095	5,36E-4	0,00	0,00
1,096	5,36E-4	0,00	0,00
1,097	5,36E-4	0,00	0,00
1,098	5,36E-4	0,00	0,00
1,099	5,36E-4	0,00	0,00
1,100	5,36E-4	0,00	0,00
1,101	5,36E-4	0,00	0,00
1,102	5,36E-4	0,00	0,00
1,103	5,36E-4	0,00	0,00
1,104	5,36E-4	0,00	0,00
1,105	5,36E-4	0,00	0,00
1,106	5,36E-4	0,00	0,00
1,107	5,36E-4	0,00	0,00
1,108	5,36E-4	0,00	0,00
1,109	0,00	0,00	0,00
1,110	5,36E-4	0,00	0,00
1,111	5,36E-4	0,00	0,00
1,112	5,36E-4	0,00	0,00
1,113	5,36E-4	0,00	0,00
1,114	5,36E-4	0,00	0,00
1,115	5,36E-4	0,00	0,00
1,116	5,36E-4	0,00	0,00
1,117	5,36E-4	0,00	0,00
1,118	5,36E-4	0,00	0,00
1,119	5,36E-4	0,00	0,00
1,120	5,36E-4	0,00	0,00
1,121	5,36E-4	0,00	0,00
1,122	5,36E-4	0,00	0,00
1,123	5,36E-4	0,00	0,00
1,124	5,36E-4	0,00	0,00
1,125	5,36E-4	0,00	0,00
1,126	5,36E-4	0,00	0,00
1,127	5,36E-4	0,00	0,00
1,128	5,36E-4	0,00	0,00
1,129	5,36E-4	0,00	0,00
1,130	5,36E-4	0,00	0,00
1,131	5,36E-4	0,00	0,00
1,132	5,36E-4	0,00	0,00
1,133	5,36E-4	0,00	0,00
1,134	5,36E-4	0,00	0,00
1,135	5,36E-4	0,00	0,00
1,136	5,36E-4	0,00	0,00
1,137	5,36E-4	0,00	0,00
1,138	5,36E-4	-0,01	2,74E-6
1,139	5,36E-4	-0,01	2,74E-6
1,140	5,36E-4	0,00	0,00
1,141	5,36E-4	-0,01	2,74E-6
1,142	5,36E-4	-0,01	2,74E-6
1,143	5,36E-4	-0,01	2,74E-6
1,144	5,36E-4	-0,01	2,74E-6
1,145	5,36E-4	-0,01	2,74E-6
1,146	5,36E-4	-0,01	2,74E-6
1,147	5,36E-4	-0,01	2,74E-6
1,148	5,36E-4	-0,01	2,74E-6
1,149	5,36E-4	-0,01	2,74E-6
1,150	5,36E-4	-0,01	2,74E-6
1,151	5,36E-4	-0,01	2,74E-6
1,152	5,36E-4	-0,01	2,74E-6
1,153	5,36E-4	-0,01	2,74E-6
1,154	5,36E-4	-0,01	2,74E-6
1,155	5,36E-4	-0,01	2,74E-6
1,156	5,36E-4	-0,01	2,74E-6
1,157	5,36E-4	-0,01	2,74E-6
1,158	5,36E-4	-0,01	2,74E-6
1,159	5,36E-4	-0,01	2,74E-6
1,160	5,36E-4	-0,01	2,74E-6
1,161	5,36E-4	-0,01	2,74E-6
1,162	5,36E-4	0,00	0,00
1,163	5,36E-4	-0,01	2,74E-6
1,164	5,36E-4	0,00	0,00
1,165	5,36E-4	-0,01	2,74E-6
1,166	5,36E-4	-0,01	2,74E-6
1,167	5,36E-4	-0,01	2,74E-6
1,168	5,36E-4	0,00	0,00
1,169	5,36E-4	0,00	0,00
1,170	5,36E-4	0,00	0,00
1,171	5,36E-4	0,00	0,00
1,172	5,36E-4	0,00	0,00
1,173	5,36E-4	0,00	0,00
1,174	5,36E-4	0,00	0,00
1,175	5,36E-4	-0,01	2,74E-6
1,176	5,36E-4	-0,01	2,74E-6
1,177	5,36E-4	-0,01	2,74E-6
1,178	5,36E-4	-0,01	2,74E-6
1,179	5,36E-4	0,00	0,00
1,180	5,36E-4	0,00	0,00
1,181	5,36E-4	0,00	0,00
1,182	5,36E-4	0,00	0,00
1,183	5,36E-4	0,00	0,00
1,184	5,36E-4	0,00	0,00
1,185	5,36E-4	0,00	0,00
1,186	5,36E-4	0,00	0,00
1,187	5,36E-4	0,00	0,00
1,188	5,36E-4	0,00	0,00
1,189	5,36E-4	0,00	0,00
1,190	5,36E-4	0,00	0,00
1,191	5,36E-4	0,00	0,00
1,192	5,36E-4	0,00	0,00
1,193	5,36E-4	0,00	0,00
1,194	5,36E-4	0,00	0,00
1,195	5,36E-4	0,00	0,00
1,196	5,36E-4	0,00	0,00
1,197	5,36E-4	0,00	0,00
1,198	5,36E-4	0,00	0,00
1,199	5,36E-4	0,00	0,00
1,200	5,36E-4	0,00	0,00
1,201	5,36E-4	0,00	0,00
1,202	5,36E-4	0,00	0,00
1,203	5,36E-4	0,00	0,00
1,204	5,36E-4	0,00	0,00
1,205	5,36E-4	0,00	0,00
1,206	5,36E-4	0,00	0,00
1,207	5,36E-4	0,00	0,00
1,208	5,36E-4	0,00	0,00
1,209	5,36E-4	0,00	0,00
1,210	5,36E-4	0,00	0,00
1,211	5,36E-4	0,00	0,00
1,212	5,36E-4	0,00	0,00
1,213	5,36E-4	0,00	0,00
1,214	5,36E-4	0,00	0,00
1,215	5,36E-4	0,00	0,00
1,216	5,36E-4	0,00	0,00
1,217	5,36E-4	0,00	0,00
1,218	5,36E-4	0,00	0,00
1,219	5,36E-4	0,00	0,00
1,220	5,36E-4	0,00	0,00
1,221	5,36E-4	0,00	0,00
1,222	5,36E-4	0,00	0,00
1,223	5,36E-4	0,00	0,00
1,224	5,36E-4	0,00	0,00
1,225	5,36E-4	0,00	0,00
1,226	5,36E-4	0,00	0,00
1,227	5,36E-4	0,00	0,00
1,228	5,36E-4	0,00	0,00
1,229	5,36E-4	0,00	0,00
1,230	5,36E-4	0,00	0,00
1,231	5,36E-4	0,00	0,00
1,232	5,36E-4	0,00	0,00
1,233	5,36E-4	0,00	0,00
1,234	5,36E-4	0,00	0,00
1,235	5,36E-4	0,00	0,00
1,236	5,36E-4	0,00	0,00
1,237	5,36E-4	0,00	0,00
1,238	5,36E-4	-0,01	2,74E-6
1,239	5,36E-4	0,00	0,00
1,240	5,36E-4	0,00	0,00
1,241	5,36E-4	-0,01	2,74E-6
1,242	5,36E-4	0,00	0,00
1,243	5,36E-4	0,00	0,00
1,244	5,36E-4	-0,01	2,74E-6
1,245	5,36E-4	-0,01	2,74E-6
1,246	5,36E-4	-0,01	2,74E-6
1,247	5,36E-4	-0,01	2,74E-6
1,248	5,36E-4	0,00	0,00
1,249	5,36E-4	0,00	0,00
1,250	5,36E-4	-0,01	2,74E-6
1,251	5,36E-4	-0,01	2,74E-6
1,252	5,36E-4	-0,01	2,74E-6
1,253	5,36E-4	-0,01	2,74E-6
1,254	5,36E-4	-0,01	2,74E-6
1,255	5,36E-4	-0,01	2,74E-6
1,256	5,36E-4	-0,01	2,74E-6
1,257	5,36E-4	-0,01	2,74E-6
1,258	5,36E-4	-0,01	2,74E-6
1,259	5,36E-4	-0,01	2,74E-6
1,260	5,36E-4	-0,01	2,74E-6
1,261	5,36E-4	-0,01	2,74E-6
1,262	5,36E-4	-0,01	2,74E-6
1,263	5,36E-4	-0,01	2,74E-6
1,264	5,36E-4	-0,01	2,74E-6
1,265	5,36E-4	-0,01	2,74E-6
1,266	5,36E-4	-0,01	2,74E-6
1,267	5,36E-4	-0,01	2,74E-6
1,268	5,36E-4	-0,01	2,74E-6
1,269	5,36E-4	-0,01	2,74E-6
1,270	5,36E-4	-0,01	2,74E-6
1,271	5,36E-4	-0,01	2,74E-6
1,272	5,36E-4	-0,01	2,74E-6
1,273	5,36E-4	-0,01	2,74E-6
1,274	5,36E-4	-0,01	2,74E-6
1,275	5,36E-4	-0,01	2,74E-6
1,276	5,36E-4	-0,01	2,74E-6
1,277	5,36E-4	-0,01	2,74E-6
1,278	5,36E-4	-0,01	2,74E-6
1,279	5,36E-4	-0,01	2,74E-6
1,280	5,36E-4	-0,01	2,74E-6
1,281	5,36E-4	-0,01	2,74E-6
1,282	5,36E-4	-0,01	2,74E-6
1,283	5,36E-4	-0,01	2,74E-6
1,284	5,36E-4	-0,01	2,74E-6
1,285	5,36E-4	-0,01	2,74E-6
1,286	5,36E-4	-0,01	2,74E-6
1,287	5,36E-4	-0,01	2,74E-6
1,288	5,36E-4	-0,01	2,74E-6
1,289	5,36E-4	-0,01	2,74E-6
1,290	0,00	-0,01	5,47E-6
1,291	5,36E-4	-0,01	2,74E-6
1,292	5,36E-4	-0,01	2,74E-6
1,293	5,36E-4	-0,01	2,74E-6
1,294	5,36E-4	-0,01	2,74E-6
1,295	5,36E-4	-0,01	2,74E-6
1,296	5,36E-4	-0,01	2,74E-6
1,297	5,36E-4	-0,01	2,74E-6
1,298	5,36E-4	-0,01	2,74E-6
1,299	5,36E-4	-0,01	2,74E-6
1,300	5,36E-4	-0,01	2,74E-6
1,301	5,36E-4	-0,01	2,74E-6
1,302	5,36E-4	-0,01	2,74E-6
1,303	5,36E-4	-0,01	2,74E-6
1,304	5,36E-4	-0,01	2,74E-6
1,305	5,36E-4	-0,01	2,74E-6
1,306	5,36E-4	-0,01	2,74E-6
1,307	5,36E-4	-0,01	2,74E-6
1,308	5,36E-4	-0,01	2,74E-6
1,309	5,36E-4	-0,01	2,74E-6
1,310	5,36E-4	-0,01	2,74E-6
1,311	5,36E-4	-0,01	2,74E-6
1,312	5,36E-4	-0,01	2,74E-6
1,313	5,36E-4	-0,01	2,74E-6
1,314	5,36E-4	-0,01	2,74E-6
1,315	5,36E-4	-0,01	2,74E-6
1,316	5,36E-4	-0,01	2,74E-6
1,317	5,36E-4	-0,01	2,74E-6
1,318	5,36E-4	-0,01	2,74E-6
1,319	5,36E-4	-0,01	2,74E-6
1,320	5,36E-4	-0,01	2,74E-6
1,321	5,36E-4	-0,01	2,74E-6
1,322	5,36E-4	-0,01	2,74E-6
1,323	5,36E-4	-0,01	2,74E-6
1,324	5,36E-4	-0,01	2,74E-6
1,325	5,36E-4	-0,01	2,74E-6
1,326	5,36E-4	-0,01	2,74E-6
1,327	5,36E-4	0,00	0,00
1,328	5,36E-4	-0,01	2,74E-6
1,329	5,36E-4	-0,01	2,74E-6
1,330	5,36E-4	-0,01	2,74E-6
1,331	5,36E-4	-0,01	2,74E-6
1,332	5,36E-4	-0,01	2,74E-6
1,333	5,36E-4	-0,01	2,74E-6
1,334	5,36E-4	-0,01	2,74E-6
1,335	5,36E-4	-0,01	2,74E-6
1,336	5,36E-4	-0,01	2,74E-6
1,337	5,36E-4	0,00	0,00
1,338	5,36E-4	0,00	0,00
1,339	5,36E-4	0,00	0,00
1,340	5,36E-4	0,00	0,00
1,341	5,36E-4	0,00	0,00
1,342	5,36E-4	0,00	0,00
1,343	5,36E-4	-0,01	2,74E-6
1,344	5,36E-4	0,00	0,00
1,345	5,36E-4	0,00	0,00
1,346	5,36E-4	0,00	0,00
1,347	5,36E-4	0,00	0,00
1,348	5,36E-4	0,00	0,00
1,349	5,36E-4	0,00	0,00
1,350	5,36E-4	0,00	0,00
1,351	5,36E-4	0,00	0,00
1,352	5,36E-4	0,00	0,00
1,353	5,36E-4	0,00	0,00
1,354	5,36E-4	0,00	0,00
1,355	5,36E-4	0,00	0,00
1,356	5,36E-4	0,00	0,00
1,357	5,36E-4	0,00	0,00
1,358	5,36E-4	0,00	0,00
1,359	5,36E-4	0,00	0,00
1,360	5,36E-4	0,00	0,00
1,361	5,36E-4	0,00	0,00
1,362	5,36E-4	0,00	0,00
1,363	5,36E-4	0,00	0,00
1,364	5,36E-4	0,00	0,00
1,365	5,36E-4	0,00	0,00
1,366	5,36E-4	0,00	0,00
1,367	5,36E-4	0,00	0,00
1,368	5,36E-4	0,00	0,00
1,369	5,36E-4	0,00	0,00
1,370	5,36E-4	0,00	0,00
1,371	5,36E-4	0,00	0,00
1,372	5,36E-4	0,00	0,00
1,373	5,36E-4	0,00	0,00
1,374	5,36E-4	0,00	0,00
1,375	5,36E-4	0,00	0,00
1,376	5,36E-4	0,00	0,00
1,377	5,36E-4	0,00	0,00
1,378	5,36E-4	0,00	0,00
1,379	5,36E-4	0,00	0,00
1,380	5,36E-4	0,00	0,00
1,381	5,36E-4	0,00	0,00
1,382	5,36E-4	0,00	0,00
1,383	5,36E-4	0,00	0,00
1,384	5,36E-4	0,00	0,00
1,385	5,36E-4	0,00	0,00
1,386	5,36E-4	0,00	0,00
1,387	5,36E-4	0,00	0,00
1,388	5,36E-4	0,00	0,00
1,389	5,36E-4	0,00	0,00
1,390	5,36E-4	0,00	0,00
1,391	5,36E-4	0,00	0,00
1,392	5,36E-4	0,00	0,00
1,393	5,36E-4	0,00	0,00
1,394	5,36E-4	0,00	0,00
1,395	5,36E-4	0,00	0,00
1,396	5,36E-4	0,00	0,00
1,397	5,36E-4	0,00	0,00
1,398	5,36E-4	0,00	0,00
1,399	5,36E-4	0,00	0,00
1,400	5,36E-4	0,00	0,00
1,401	5,36E-4	0,00	0,00
1,402	5,36E-4	0,00	0,00
1,403	5,36E-4	0,00	0,00
1,404	5,36E-4	0,00	0,00
1,405	5,36E-4	0,00	0,00
1,406	5,36E-4	0,00	0,00
1,407	5,36E-4	0,00	0,00
1,408	5,36E-4	0,00	0,00
1,409	5,36E-4	0,00	0,00
1,410	5,36E-4	0,00	0,00
1,411	5,36E-4	-0,01	2,74E-6
1,412	5,36E-4	0,00	0,00
1,413	5,36E-4	0,00	0,00
1,414	5,36E-4	0,00	0,00
1,415	5,36E-4	0,00	0,00
1,416	5,36E-4	0,00	0,00
1,417	5,36E-4	0,00	0,00
1,418	5,36E-4	0,00	0,00
1,419	5,36E-4	0,00	0,00
1,420	5,36E-4	-0,01	2,74E-6
1,421	5,36E-4	0,00	0,00
1,422	5,36E-4	0,00	0,00
1,423	5,36E-4	0,00	0,00
1,424	5,36E-4	0,00	0,00
1,425	5,36E-4	0,00	0,00
1,426	5,36E-4	-0,01	2,74E-6
1,427	5,36E-4	-0,01	2,74E-6
1,428	5,36E-4	-0,01	2,74E-6
1,429	5,36E-4	0,00	0,00
1,430	5,36E-4	-0,01	2,74E-6
1,431	5,36E-4	-0,01	2,74E-6
1,432	5,36E-4	0,00	0,00
1,433	5,36E-4	-0,01	2,74E-6
1,434	5,36E-4	-0,01	2,74E-6
1,435	5,36E-4	0,00	0,00
1,436	5,36E-4	-0,01	2,74E-6
1,437	5,36E-4	-0,01	2,74E-6
1,438	5,36E-4	-0,01	2,74E-6
1,439	5,36E-4	-0,01	2,74E-6
1,440	5,36E-4	-0,01	2,74E-6
1,441	5,36E-4	-0,01	2,74E-6
1,442	5,36E-4	-0,01	2,74E-6
1,443	5,36E-4	-0,01	2,74E-6
1,444	5,36E-4	-0,01	2,74E-6
1,445	5,36E-4	-0,01	2,74E-6
1,446	5,36E-4	-0,01	2,74E-6
1,447	5,36E-4	-0,01	2,74E-6
1,448	5,36E-4	-0,01	2,74E-6
1,449	5,36E-4	-0,01	2,74E-6
1,450	5,36E-4	-0,01	2,74E-6
1,451	5,36E-4	-0,01	2,74E-6
1,452	5,36E-4	-0,01	2,74E-6
1,453	5,36E-4	-0,01	2,74E-6
1,454	5,36E-4	-0,01	2,74E-6
1,455	5,36E-4	-0,01	2,74E-6
1,456	5,36E-4	-0,01	2,74E-6
1,457	5,36E-4	-0,01	2,74E-6
1,458	5,36E-4	-0,01	2,74E-6
1,459	5,36E-4	-0,01	2,74E-6
1,460	5,36E-4	-0,01	2,74E-6
1,461	5,36E-4	-0,01	2,74E-6
1,462	5,36E-4	-0,01	2,74E-6
1,463	5,36E-4	-0,01	2,74E-6
1,464	5,36E-4	-0,01	2,74E-6
1,465	5,36E-4	-0,01	2,74E-6
1,466	5,36E-4	-0,01	2,74E-6
1,467	5,36E-4	-0,01	2,74E-6
1,468	5,36E-4	-0,01	2,74E-6
1,469	5,36E-4	-0,01	2,74E-6
1,470	5,36E-4	-0,01	2,74E-6
1,471	5,36E-4	-0,01	2,74E-6
1,472	5,36E-4	-0,01	2,74E-6
1,473	5,36E-4	-0,01	2,74E-6
1,474	5,36E-4	-0,01	2,74E-6
1,475	5,36E-4	-0,01	2,74E-6
1,476	5,36E-4	-0,01	2,74E-6
1,477	5,36E-4	-0,01	2,74E-6
1,478	5,36E-4	-0,01	2,74E-6
1,479	5,36E-4	-0,01	2,74E-6
1,480	5,36E-4	-0,01	2,74E-6
1,481	5,36E-4	-0,01	2,74E-6
1,482	5,36E-4	-0,01	2,74E-6
1,483	5,36E-4	-0,01	2,74E-6
1,484	5,36E-4	-0,01	2,74E-6
1,485	5,36E-4	-0,01	2,74E-6
1,486	5,36E-4	-0,01	2,74E-6
1,487	5,36E-4	-0,01	2,74E-6
1,488	5,36E-4	-0,01	2,74E-6
1,489	5,36E-4	-0,01	2,74E-6
